122,60
121,60
121,60
121,60
120,60
120,61
120,61
119,61
119,61
119,62
119,62
118,62
118,62
117,63
117,63
116,63
116,64
115,64
115,64
115,65
115,65
114,65
114,65
113,66
113,66
112,66
112,67
111,67
111,67
111,68
111,68
110,68
109,68
108,69
107,69
107,69
106,70
105,70
104,70
104,71
104,71
103,71
103,71
102,72
102,72
101,72
101,73
100,73
100,73
100,74
100,74
99,74
99,74
99,75
98,75
98,75
98,76
97,76
97,76
97,77
97,77
96,77
96,77
96,78
96,78
95,78
95,79
95,79
95,79
95,80
95,80
94,80
94,80
94,81
94,81
93,81
93,82
93,82
93,82
93,83
93,83
93,83
93,83
93,84
93,84
93,84
93,85
93,85
93,85
93,86
-1,-1
92,86
92,87
92,88
91,89
91,90
91,91
90,92
90,93
90,94
90,94
90,94
91,95
91,95
91,95
92,96
92,96
92,96
93,97
93,97
93,97
93,97
94,98
94,98
95,98
95,99
96,99
96,99
97,100
97,100
97,100
98,101
98,102
99,102
99,103
100,104
100,104
101,105
102,106
102,106
102,106
102,106
103,107
103,107
104,107
104,108
105,108
105,108
106,109
106,109
106,109
107,109
107,109
108,109
108,110
109,110
109,110
110,110
111,111
111,111
111,111
111,111
112,111
112,111
113,112
113,112
114,112
114,112
115,113
115,113
115,113
116,113
116,113
117,113
117,113
118,113
118,113
119,113
120,114
120,114
120,114
120,114
121,114
121,114
122,114
122,114
123,114
123,114
124,114
124,114
124,114
124,114
124,114
124,114
125,114
125,114
125,114
125,114
126,115
-1,-1
127,115
128,115
129,115
130,115
131,115
132,115
133,115
134,115
135,115
135,115
135,115
136,115
136,115
137,116
137,116
138,116
138,116
139,117
139,117
139,117
139,117
140,118
140,118
140,118
141,119
141,119
141,119
142,120
142,120
142,120
142,120
143,121
143,121
143,122
144,122
144,123
144,123
145,124
145,124
146,124
147,124
148,125
149,125
150,125
151,126
152,126
153,126
154,127
154,127
154,127
155,127
156,128
156,128
157,129
158,129
158,130
159,130
160,131
160,131
160,131
160,131
161,132
161,132
161,132
162,133
162,133
162,133
163,134
163,134
163,134
163,134
164,135
164,135
164,136
165,136
165,137
165,137
166,138
166,138
166,138
166,138
166,139
166,139
166,139
166,140
166,140
166,140
167,141
167,141
167,141
167,141
167,142
167,142
167,143
167,143
167,144
167,144
168,145
168,145
168,145
168,145
168,145
168,145
168,146
168,146
168,146
168,146
168,147
-1,-1
168,147
168,148
169,149
169,150
170,151
170,152
171,153
171,154
172,155
171,155
171,155
171,156
170,156
170,156
170,157
169,157
169,157
169,158
169,158
168,158
168,158
167,159
167,159
166,159
166,160
165,160
165,160
165,161
165,161
164,161
163,161
163,162
162,162
162,163
161,163
161,164
160,164
160,165
160,165
159,165
158,166
158,167
157,167
157,168
156,169
156,169
155,170
155,171
155,171
154,171
153,171
153,172
152,172
152,172
151,173
151,173
150,173
150,174
150,174
149,174
148,174
148,175
147,175
147,175
146,176
146,176
145,176
145,177
145,177
144,177
144,177
143,177
143,177
142,177
142,177
141,177
141,177
141,178
141,178
140,178
139,178
139,178
138,178
138,178
137,178
137,178
136,178
136,179
136,179
135,179
135,179
134,179
134,179
133,179
133,179
132,179
132,179
132,179
-1,-1
130,179
129,179
128,180
127,180
125,181
124,181
123,182
122,182
121,183
120,182
119,182
119,182
118,181
118,181
117,181
117,180
116,180
116,180
116,180
115,179
115,179
115,178
114,178
114,177
114,177
113,176
113,176
113,176
113,176
112,175
111,175
110,174
109,174
108,173
107,173
106,172
105,172
105,172
105,172
104,171
103,171
103,171
102,170
102,170
101,170
101,169
100,169
100,169
100,169
99,168
98,168
98,167
97,167
97,166
96,166
96,165
95,165
95,165
95,165
94,164
94,164
94,164
94,163
93,163
93,163
93,162
93,162
93,162
93,162
92,161
92,161
92,160
92,160
91,159
91,159
91,158
91,158
91,158
91,158
90,157
90,157
90,157
90,156
90,156
90,156
90,155
90,155
90,155
90,155
89,154
89,154
89,154
89,153
89,153
89,153
89,152
89,152
89,152
-1,-1
88,150
88,149
88,148
87,147
87,146
87,145
86,144
86,143
86,142
86,141
86,141
87,141
87,140
88,140
88,140
89,139
89,139
90,139
90,139
90,138
91,138
91,138
92,137
92,137
93,137
93,136
94,136
95,136
95,136
95,135
96,134
96,133
97,132
97,132
98,131
98,130
99,129
100,129
100,129
100,128
100,128
101,128
101,127
102,127
102,127
103,126
103,126
104,126
104,126
104,125
105,125
105,125
106,125
106,124
107,124
107,124
108,124
109,124
109,124
109,123
110,123
110,123
111,123
111,123
112,123
112,123
113,123
114,123
114,123
114,123
115,123
115,123
116,123
116,123
117,123
117,123
118,123
119,123
119,123
119,123
119,123
120,123
120,123
121,123
121,123
122,123
122,123
123,123
-1,-1
138,110
138,110
138,110
138,110
138,110
139,110
139,110
139,110
139,110
140,111
140,111
140,110
140,110
141,110
141,110
142,110
142,110
143,110
143,110
144,110
144,110
144,110
145,110
145,110
146,110
146,110
147,110
147,110
148,110
149,110
149,110
149,109
149,109
150,109
150,109
151,108
151,108
152,108
152,108
153,108
153,108
153,107
153,106
154,106
154,105
155,105
155,104
156,104
156,103
157,103
157,103
157,102
158,101
158,101
159,100
159,100
160,99
160,99
161,98
162,98
162,98
162,97
162,97
163,97
163,96
164,96
164,96
165,95
165,95
166,95
166,95
166,94
166,94
166,94
166,94
167,93
167,93
167,93
167,93
168,93
-1,-1
167,92
167,91
166,90
166,89
165,88
165,87
164,86
164,85
164,85
163,84
163,84
163,84
163,83
163,83
163,83
163,82
163,82
163,82
163,82
162,81
162,81
162,81
162,80
162,80
162,80
162,79
162,79
162,79
162,79
161,78
161,78
161,78
160,77
160,77
160,77
159,76
159,76
159,76
159,76
158,75
158,75
158,75
157,74
157,74
157,74
156,73
156,73
156,73
156,73
155,72
154,72
154,72
153,71
153,71
152,71
152,70
151,70
151,70
151,70
150,69
149,69
148,69
147,68
146,68
145,68
144,67
143,67
142,67
142,67
141,66
141,66
141,66
141,65
140,65
140,65
140,64
140,64
140,64
140,64
139,63
139,63
138,63
138,62
137,62
137,62
136,61
136,61
136,61
-1,-1
